59516171,59820,59820
59516172,57060,57060
59516173,24120,24120
59516176,26940,26940
59516177,62220,62220
59516178,64920,64920
